Monocromo

Square

		10			20			30			40			50			60
0		0.000571	0.000637    0.000540	0.000543	0.000743	0.000740
1		0.004475	0.004696	0.004893	0.004908	0.005300	0.004995
2		0.006276	0.006452	0.006631	0.006926	0.006693	0.006946
3		0.041599	0.041978	0.042547	0.042723	0.042914	0.043153
4		0.027649	0.028108	0.028360	0.028550	0.028845	0.028832
5		0.054452	0.055225	0.055666	0.056048	0.056177	0.056292
6		0.107532	0.108835	0.109437	0.109798	0.110150	0.110370

Mono

		10			20			30			40			50			60			70	
0		0.000616	0.000587	0.000572	0.000557	0.000546	0.000552	0.000545
1		0.005325	0.005117	0.005024	0.004963	0.004932	0.004909	0.004899
2		0.007643	0.007292	0.007292	0.007064	0.006992	0.006962	0.006926
3		0.054757	0.051591	0.050141	0.049272	0.048735	0.048339	0.047970
4		0.036403	0.034345	0.033350	0.032839	0.032498	0.032201	0.031954
5		0.066150	0.063589	0.062370	0.061617	0.061178	0.060814	0.060587
6		0.136047	0.129619	0.126614	0.124833	0.123828	0.122937	0.122168

		80			90			100			110			120			130			150
0		0.000547	0.000546	0.000550	0.000550	0.000540	0.000542
1
2
3
4
5
6		0.121646	0.121192	0.120831	0.120549	0.120250	0.119993	0.119515

	1000		5000		10000
6	0.116973	0.116953	0.117172

Standard images

Square

0	0.000079
1	0.001115
2	0.001595
3	0.004174
4	0.011741
5	0.004262
6	0.009618

Uni

0
1
2
3
4
5
6

