DARKER

		30x30		45x45		60x60		64x64   	90x90		120x120		128*128		   

img00	0,000160	0,000165	0,000172	0,000175	0,000193	0,000222	0,000231
img01	0,000245	0,000261	0,000265	0,000283	0,000276	0,000311	0,000345
img02	0,000295	0,000290	0,000298	0,000300	0,000340	0,000390	0,000395
img03	0,001469	0,001430	0,001370	0,001377	0,001357	0,001400	0,001410
img04	0,001104	0,001073	0,000995	0,001079	0,001020	0,001059	0,001087
img05	0,001924	0,001857	0,001828	0,001857	0,001740	0,001772	0,001784
img06	0,003616	0,003520	0,003514	0,003629	0,003461	0,003268	0,003252

Img00 -> 512x512 ->	  262144
Img01 -> 2560x1024 -> 2621440
Img02 -> 2560x1440 -> 3686400
Img03 -> 5024x5024 -> 25240576
Img04 -> 4096x4096 -> 16777216
Img05 -> 9050x3662 -> 33141100
Img06 -> 10240x6400 -> 65536000

Img00		Speedup		Normalized

0,000160	15,10		1,00		
0,000165	14,64		0,90		
0,000172	14,05		0,77		
0,000175	13,81		0,72		
0,000193	12,52		0,44		
0,000222	10,88		0,09		
0,000231	10,46		0,00	

Img01		Speedup		Normalized

0,000245	150,71		1,00
0,000261	141,48		0,79
0,000265	139,34		0,74
0,000283	130,48		0,54
0,000276	133,79		0,61
0,000311	118,73		0,27
0,000345	107,03		0,00

Img02		Speedup		Normalized

0,000295	114,33		0,94
0,000290	116,30		1,00	
0,000298	113,17		0,90	
0,000300	112,42		0,87	
0,000340	99,19		0,45	
0,000390	86,48		0,04	
0,000395	85,38		0,00

Img03

0,001469	232,01		0,00
0,001430	238,34		0,33
0,001370	248,77		0,88
0,001377	247,51		0,81
0,001357	251,16		1,00
0,001400	243,44		0,60
0,001410	241,72		0,51

Img04

0,001104	137,16		0,00
0,001073	141,13		0,26
0,000995	152,19		1,00
0,001079	140,34		0,21
0,001020	148,46		0,75
0,001059	142,99		0,39
0,001087	139,31		0,14


Img05

0,001924	231,80		0,00
0,001857	240,16		0,34
0,001828	243,97		0,50
0,001857	240,16		0,34
0,001740	256,31		1,00
0,001772	251,68		0,81
0,001784	249,99		0,74


Img06

0,003616	162,84		0,03
0,003520	167,28		0,27
0,003514	167,56		0,28
0,003629	162,25		0,00
0,003461	170,13		0,42
0,003268	180,18		0,95
0,003252	181,06		1,00

Grid	Img0	Img1	Img2	Img3	Img4	Img5	Img6
30x30	1,00	1,00	0,94	0,00	0,00	0,00	0,03
45x45	0,90	0,79	1,00	0,33	0,26	0,34	0,27
60x60	0,77	0,74	0,90	0,88	1,00	0,50	0,28
64x64	0,72	0,54	0,87	0,81	0,21	0,34	0,00
90x90	0,44	0,61	0,45	1,00	0,75	1,00	0,42
120x120	0,09	0,27	0,04	0,60	0,39	0,81	0,95
128x128	0,00	0,00	0,00	0,51	0,14	0,74	1,00








