try

		4			8			10			16			20			24			30	
img0	0.000070	0.000076	0.000076	0.000079	0.000085	0.000090	0.000081
img1	0.000196	0.000185	0.000193	0.000195	0.000194	0.000198	0.000190
img2	0.000264	0.000250	0.000255	0.000256	0.000254	0.000268	0.000261
img3	0.001403	0.001325	0.001299	0.001284	0.001280	0.001287	0.001330
img4	0.000996	0.000953	0.000907	0.000999	0.000933	0.000965	0.000957
img5	0.001824	0.001711	0.001692	0.001656	0.001682	0.001732	0.001741
img6	0.003511	0.003298	0.003239	0.003210	0.003218	0.003310	0.003396

