   313.070      9.062      0.000      0.001      0.026      0.054
   875.696    766.160      0.003     -0.008      0.275     -0.772
   512.644    213.367     -0.114     -0.098     -0.628     -4.210
   235.108     45.021      0.318      0.421      2.805     -1.081
   842.759    744.211      2.907     -3.437      2.647     -6.929
   502.422    247.751    -15.710    -12.072     -0.947     -3.910
   921.262    185.928     -8.208     -7.442     -1.801     -4.434
   865.657    280.927    -22.986     -1.329      0.945      1.833
    33.115    741.883     67.472    -49.884      0.734      3.402
   738.722    284.073   -193.846     -5.820      0.738      0.124
   499.641    239.018   -949.070   -589.996     -2.536     -7.074
   797.608    591.590   -247.308    389.067     -5.034      3.610
    58.037    729.873    603.491   -508.143      2.469     -4.589
   724.334    590.126   1077.562    548.716     -0.893      4.491
   517.326    490.928  -1848.429   2338.801     -5.836      0.469
   769.053     20.114   -127.235   1593.621     -3.912      4.506
  1015.322    470.892  -3624.066   2267.088      2.214     -3.943
   757.278    599.460  -1367.678    636.791      0.439      0.967
   584.220    310.819 -12605.131  -7785.320     -2.289      3.184
   642.477    285.608 -25145.781  -1222.731     -2.110      1.163
   504.951    325.785 -19901.294 -26055.037     -0.718      2.758
   145.046    359.221 -57603.846 -68392.735      0.783     -3.153
   340.633    314.004  44569.019 -86771.670      4.054      0.490
   587.083      9.640 -36215.579  71607.519     -0.318      6.247
   226.675    556.455  50969.852 -29595.632      5.881     -5.400
   390.203    722.907 141737.277 -180132.329      1.552     -3.647
   518.646    136.914 -197850.186 122522.550     -5.967      4.609
   930.605     12.786 -56293.096  33890.259     -3.080     -0.253
    81.857    310.151 227416.631  77594.974      0.651      2.625
   924.368    680.992 -87700.040 -47894.367     -3.558      1.823
   481.207    638.044 -160108.059   -707.610     -2.021      0.083
   389.916    196.272 195383.130 136345.851      0.264      0.853
